izlude,154,150,6	script	Gatchapon#123	10155 ,{
function Getcostume;
	mes "[^0099FFGatchapon^000000]";
	mes "Pooooooring!!!!!!!!";
	mes "Are you feeling lucky today?!";
	mes "Our Grand prize for this week is <ITEM>^FF0000Red Potion^000000<INFO>501</INFO></ITEM>";
	next;
    if( countitem( .rare_ticket ) ) {
        mes "A Rare ticket !";
        set .@r, .rate_chance_rare; // chance
        set .@ticket, .rare_ticket ;
    }
    else if( countitem( .normal_ticket ) ) {
        mes "A Normal ticket !";
        set .@r, .rate_chance_normal; // chance
        set .@ticket, .normal_ticket;
    }
    else {
        mes "[^0099FFGatchapon^000000]";
	mes "You need <ITEM>^FF0000Red Potion^000000<INFO>502</INFO></ITEM> per draw.";
        close;
    }

    if( select( "Use it", "Cancel" ) -1 ) close;
    delitem .@ticket, 1;
    if( .@r > rand( 1, 1000 ) ) { // chance 50% for rare ticket
        mes "You got a rare costum.";
        getitem Getcostume( "rare" ), 1;
        close;
    }
    else {
        mes "You got a normal costum.";
        getitem Getcostume( "normal" ), 1;
        close;
    }
    
OnInit:
    set .normal_ticket, 7539;
    set .rare_ticket, 502;
    set .rate_chance_rare, 500; // chance to get a rare costume with rare ticket
    set .rate_chance_normal, 100; // chance to get a rare costume with normal ticket
    
// rare costume ID
// size array must be < 128
// use the synthaxe .rare_IDX for adding news array
// ------------------------------------------------
    setarray .rare_ID0,501,502,503,504,505,506,507,508,509,510,511,512,513,514,515,516,517,518,519,520,521,522,523,524,525,526,527,528,529,530,531,532,533,534,535,536,537,538,539,540,541,542,543,544,545,546,547,548,549,550,551,552,553,554,555,556,557,558,559,560,561,562,563,564,565,566,567,568,569,570,571,572,573,574,575,576,577,578,579,580,581,582,583,584,585,586,587,588,589,590,591,592,593,594,595,596,597,598,599,600;
    setarray .rare_ID1,501,502,503,504,505,506,507,508,509,510,511,512,513,514,515,516,517,518,519,520,521,522,523,524,525,526,527,528,529,530,531,532,533,534,535,536,537,538,539,540,541,542,543,544,545,546,547,548,549,550,551,552,553,554,555,556,557,558,559,560,561,562,563,564,565,566,567,568,569,570,571,572,573,574,575,576,577,578,579,580,581,582,583,584,585,586,587,588,589,590,591,592,593,594,595,596,597,598,599,600;
    setarray .rare_ID2,501,502,503,504,505,506,507,508,509,510,511,512,513,514,515,516,517,518,519,520,521,522,523,524,525,526,527,528,529,530,531,532,533,534,535,536,537,538,539,540,541,542,543,544,545,546,547,548,549,550,551,552,553,554,555,556,557,558,559,560,561,562,563,564,565,566,567,568,569,570,571,572,573,574,575,576,577,578,579,580,581,582,583,584,585,586,587,588,589,590,591,592,593,594,595,596,597,598,599,600;
    setarray .rare_ID3,501,502,503,504,505,506,507,508,509,510,511,512,513,514,515,516,517,518,519,520,521,522,523,524,525,526,527,528,529,530,531,532,533,534,535,536,537,538,539,540,541,542,543,544,545,546,547,548,549,550,551,552,553,554,555,556,557,558,559,560,561,562,563,564,565,566,567,568,569,570,571,572,573,574,575,576,577,578,579,580,581,582,583,584,585,586,587,588,589,590,591,592,593,594,595,596,597,598,599,600;
    setarray .rare_ID4,501,502,503,504,505,506,507,508,509,510,511,512,513,514,515,516,517,518,519,520,521,522,523,524,525,526,527,528,529,530,531,532,533,534,535,536,537,538,539,540,541,542,543,544,545,546,547,548,549,550,551,552,553,554,555,556,557,558,559,560,561,562,563,564,565,566,567,568,569,570,571,572,573,574,575,576,577,578,579,580,581,582,583,584,585,586,587,588,589,590,591,592,593,594,595,596,597,598,599,600;
    setarray .rare_ID5,501,502,503,504,505,506,507,508,509,510,511,512,513,514,515,516,517,518,519,520,521,522,523,524,525,526,527,528,529,530,531,532,533,534,535,536,537,538,539,540,541,542,543,544,545,546,547,548,549,550,551,552,553,554,555,556,557,558,559,560,561,562,563,564,565,566,567,568,569,570,571,572,573,574,575,576,577,578,579,580,581,582,583,584,585,586,587,588,589,590,591,592,593,594,595,596,597,598,599,600;
    setarray .rare_ID6,501,502,503,504,505,506,507,508,509,510,511,512,513,514,515,516,517,518,519,520,521,522,523,524,525,526,527,528,529,530,531,532,533,534,535,536,537,538,539,540,541,542,543,544,545,546,547,548,549,550,551,552,553,554,555,556,557,558,559,560,561,562,563,564,565,566,567,568,569,570,571,572,573,574,575,576,577,578,579,580,581,582,583,584,585,586,587,588,589,590,591,592,593,594,595,596,597,598,599,600;
    setarray .rare_ID7,501,502,503,504,505,506,507,508,509,510,511,512,513,514,515,516,517,518,519,520,521,522,523,524,525,526,527,528,529,530,531,532,533,534,535,536,537,538,539,540,541,542,543,544,545,546,547,548,549,550,551,552,553,554,555,556,557,558,559,560,561,562,563,564,565,566,567,568,569,570,571,572,573,574,575,576,577,578,579,580,581,582,583,584,585,586,587,588,589,590,591,592,593,594,595,596,597,598,599,600;
    setarray .rare_ID8,501,502,503,504,505,506,507,508,509,510,511,512,513,514,515,516,517,518,519,520,521,522,523,524,525,526,527,528,529,530,531,532,533,534,535,536,537,538,539,540,541,542,543,544,545,546,547,548,549,550,551,552,553,554,555,556,557,558,559,560,561,562,563,564,565,566,567,568,569,570,571,572,573,574,575,576,577,578,579,580,581,582,583,584,585,586,587,588,589,590,591,592,593,594,595,596,597,598,599,600;
    setarray .rare_ID9,501,502,503,504,505,506,507,508,509,510,511,512,513,514,515,516,517,518,519,520,521,522,523,524,525,526,527,528,529,530,531,532,533,534,535,536,537,538,539,540,541,542,543,544,545,546,547,548,549,550,551,552,553,554,555,556,557,558,559,560,561,562,563,564,565,566,567,568,569,570,571,572,573,574,575,576,577,578,579,580,581,582,583,584,585,586,587,588,589,590,591,592,593,594,595,596,597,598,599,600;
    setarray .rare_ID10,501,502,503,504,505,506,507,508,509,510,511,512,513,514,515,516,517,518,519,520,521,522,523,524,525,526,527,528,529,530,531,532,533,534,535,536,537,538,539,540,541,542,543,544,545,546,547,548,549,550,551,552,553,554,555,556,557,558,559,560,561,562,563,564,565,566,567,568,569,570,571,572,573,574,575,576,577,578,579,580,581,582,583,584,585,586,587,588,589,590,591,592,593,594,595,596,597,598,599,600;

// normal costume ID
// size array must be < 128
// use the synthaxe .normal_IDX for adding news array
// ------------------------------------------------
    setarray .normal_ID0,501,502,503,504,505,506,507,508,509,510,511,512,513,514,515,516,517,518,519,520,521,522,523,524,525,526,527,528,529,530,531,532,533,534,535,536,537,538,539,540,541,542,543,544,545,546,547,548,549,550,551,552,553,554,555,556,557,558,559,560,561,562,563,564,565,566,567,568,569,570,571,572,573,574,575,576,577,578,579,580,581,582,583,584,585,586,587,588,589,590,591,592,593,594,595,596,597,598,599,600;
    setarray .normal_ID1,501,502,503,504,505,506,507,508,509,510,511,512,513,514,515,516,517,518,519,520,521,522,523,524,525,526,527,528,529,530,531,532,533,534,535,536,537,538,539,540,541,542,543,544,545,546,547,548,549,550,551,552,553,554,555,556,557,558,559,560,561,562,563,564,565,566,567,568,569,570,571,572,573,574,575,576,577,578,579,580,581,582,583,584,585,586,587,588,589,590,591,592,593,594,595,596,597,598,599,600;
    setarray .normal_ID2,501,502,503,504,505,506,507,508,509,510,511,512,513,514,515,516,517,518,519,520,521,522,523,524,525,526,527,528,529,530,531,532,533,534,535,536,537,538,539,540,541,542,543,544,545,546,547,548,549,550,551,552,553,554,555,556,557,558,559,560,561,562,563,564,565,566,567,568,569,570,571,572,573,574,575,576,577,578,579,580,581,582,583,584,585,586,587,588,589,590,591,592,593,594,595,596,597,598,599,600;
    setarray .normal_ID3,501,502,503,504,505,506,507,508,509,510,511,512,513,514,515,516,517,518,519,520,521,522,523,524,525,526,527,528,529,530,531,532,533,534,535,536,537,538,539,540,541,542,543,544,545,546,547,548,549,550,551,552,553,554,555,556,557,558,559,560,561,562,563,564,565,566,567,568,569,570,571,572,573,574,575,576,577,578,579,580,581,582,583,584,585,586,587,588,589,590,591,592,593,594,595,596,597,598,599,600;
    setarray .normal_ID4,501,502,503,504,505,506,507,508,509,510,511,512,513,514,515,516,517,518,519,520,521,522,523,524,525,526,527,528,529,530,531,532,533,534,535,536,537,538,539,540,541,542,543,544,545,546,547,548,549,550,551,552,553,554,555,556,557,558,559,560,561,562,563,564,565,566,567,568,569,570,571,572,573,574,575,576,577,578,579,580,581,582,583,584,585,586,587,588,589,590,591,592,593,594,595,596,597,598,599,600;
    setarray .normal_ID5,501,502,503,504,505,506,507,508,509,510,511,512,513,514,515,516,517,518,519,520,521,522,523,524,525,526,527,528,529,530,531,532,533,534,535,536,537,538,539,540,541,542,543,544,545,546,547,548,549,550,551,552,553,554,555,556,557,558,559,560,561,562,563,564,565,566,567,568,569,570,571,572,573,574,575,576,577,578,579,580,581,582,583,584,585,586,587,588,589,590,591,592,593,594,595,596,597,598,599,600;
    setarray .normal_ID6,501,502,503,504,505,506,507,508,509,510,511,512,513,514,515,516,517,518,519,520,521,522,523,524,525,526,527,528,529,530,531,532,533,534,535,536,537,538,539,540,541,542,543,544,545,546,547,548,549,550,551,552,553,554,555,556,557,558,559,560,561,562,563,564,565,566,567,568,569,570,571,572,573,574,575,576,577,578,579,580,581,582,583,584,585,586,587,588,589,590,591,592,593,594,595,596,597,598,599,600;
    setarray .normal_ID7,501,502,503,504,505,506,507,508,509,510,511,512,513,514,515,516,517,518,519,520,521,522,523,524,525,526,527,528,529,530,531,532,533,534,535,536,537,538,539,540,541,542,543,544,545,546,547,548,549,550,551,552,553,554,555,556,557,558,559,560,561,562,563,564,565,566,567,568,569,570,571,572,573,574,575,576,577,578,579,580,581,582,583,584,585,586,587,588,589,590,591,592,593,594,595,596,597,598,599,600;

// Don't touch
// -----------
    while( getd( ".rare_ID"+ .@i +"[0]" ) ) {
        setd ".size_rare"+ .@i, getarraysize( getd( ".rare_ID"+ .@i ) );
        set .size_tot_rare, .size_tot_rare + getarraysize( getd( ".rare_ID"+ .@i ) );
        set .@i, .@i +1;
    }
    set .@i, 0;
    while( getd( ".normal_ID"+ .@i +"[0]" ) ) {
        setd ".size_normal"+ .@i, getarraysize( getd( ".normal_ID"+ .@i ) );
        set .size_tot_normal, .size_tot_normal + getarraysize( getd( ".normal_ID"+ .@i ) );
        set .@i, .@i +1;
    }
    end;

function Getcostume {
    if( getarg(0) == "normal" ) {
        set .@r, rand( 1, .size_tot_normal );
        while( .@r > .@tmp ) {
            set .@tmp, .@tmp + getd( ".size_normal"+ .@i );
            set .@i, .@i +1;
        }
        set .@in, .@r - ( .@tmp - getd( ".size_normal"+ .@i ) ) -1;
        return getd( ".normal_ID"+ .@i +"[ "+ .@in +" ]" );
    }
    else {
        set .@r, rand( 1,.size_tot_rare );
        while( .@r > .@tmp ) {
            set .@tmp, .@tmp + getd( ".size_rare" + .@i );
            set .@i, .@i +1;
        }
        set .@in, .@r - ( .@tmp - getd( ".size_rare" + .@i ) ) -1;
        return getd( ".rare_ID"+ .@i +"[ "+ .@in +" ]" );
    }
}
}